0
4
8
12
16
20
24
28
32
36
40
44
48
52
56
60
64
68
72
76
80
84
88
92
96
100
104
108
112
116
120
124

0
256
512
768
1024
1280
1536
1792
2048
2304
2560
2816
3072
3328
3584
3840

12345
54321
11111
22222
33333
44444
55555
66666
77777
88888
99999

100000
200000
300000
400000
500000
600000
700000
800000
900000

1048576
2097152
3145728
4194304
5242880
6291456
7340032
8388608

16777216
33554432
67108864
134217728
268435456
536870912
1073741824
2147483647

4294967295
4000000000
3000000000
2000000000
1000000000

42
42
42
42
42
42
42
42

123456789
987654321
123456789
987654321
123456789
987654321

0
32
64
96
128
160
192
224
256
288
320
352
384
416
448
480

0
32
64
0
32
64
0
32
64

65535
65539
65543
65547
65551
65555
65559
65563